608	468	1	1
417	482	1	1
302	328	1	1
369	149	1	1
557	108	1	1
692	244	1	1
651	431	1	1
471	498	1	1
318	382	1	1
332	191	1	1
501	100	1	1
669	193	1	1
681	384	1	1
527	498	1	1
348	430	1	1
308	242	1	1
445	108	1	1
632	150	1	1
698	330	1	1
582	483	1	1
390	467	1	1
300	298	1	1
393	131	1	1
585	119	1	1
698	274	1	1
629	453	1	1
442	491	1	1
307	354	1	1
350	167	1	1
531	102	1	1
683	219	1	1
667	410	1	1
497	500	1	1
330	406	1	1
319	214	1	1
474	102	1	1
653	171	1	1
691	359	1	1
553	493	1	1
367	449	1	1
303	268	1	1
420	117	1	1
611	134	1	1
700	304	1	1
605	470	1	1
414	480	1	1
302	325	1	1
372	146	1	1
560	109	1	1
693	248	1	1
648	434	1	1
467	497	1	1
316	379	1	1
334	188	1	1
504	100	1	1
671	196	1	1
680	387	1	1
524	499	1	1
346	427	1	1
310	239	1	1
448	107	1	1
635	152	1	1
697	333	1	1
578	484	1	1
388	465	1	1
300	295	1	1
396	129	1	1
588	120	1	1
699	277	1	1
627	455	1	1
438	490	1	1
307	351	1	1
353	165	1	1
534	103	1	1
684	222	1	1
665	413	1	1
494	500	1	1
328	403	1	1
321	211	1	1
478	101	1	1
655	174	1	1
690	363	1	1
550	494	1	1
364	447	1	1
303	265	1	1
423	115	1	1
614	136	1	1
700	307	1	1
602	472	1	1
410	479	1	1
301	321	1	1
375	144	1	1
563	110	1	1
694	251	1	1
646	437	1	1
464	497	1	1
315	376	1	1
336	185	1	1
508	100	1	1
672	199	1	1
678	390	1	1
520	499	1	1
344	425	1	1
311	236	1	1
452	106	1	1
637	155	1	1
697	337	1	1
575	485	1	1
385	463	1	1
300	291	1	1
399	127	1	1
591	122	1	1
699	281	1	1
624	457	1	1
435	489	1	1
306	347	1	1
355	162	1	1
538	104	1	1
686	226	1	1
663	416	1	1
490	500	1	1
327	400	1	1
322	208	1	1
481	101	1	1
658	177	1	1
689	366	1	1
546	495	1	1
361	444	1	1
304	261	1	1
427	114	1	1
617	138	1	1
700	311	1	1
599	474	1	1
407	477	1	1
301	318	1	1
377	142	1	1
567	111	1	1
695	254	1	1
644	439	1	1
460	496	1	1
314	373	1	1
338	182	1	1
512	100	1	1
674	202	1	1
677	394	1	1
517	499	1	1
341	422	1	1
312	232	1	1
455	105	1	1
640	157	1	1
696	340	1	1
572	487	1	1
382	461	1	1
300	288	1	1
403	125	1	1
594	124	1	1
699	284	1	1
621	459	1	1
432	488	1	1
305	344	1	1
358	160	1	1
541	104	1	1
687	229	1	1
661	419	1	1
487	500	1	1
325	397	1	1
324	205	1	1
485	101	1	1
660	180	1	1
688	369	1	1
543	495	1	1
359	442	1	1
304	258	1	1
430	113	1	1
620	140	1	1
699	314	1	1
596	476	1	1
404	476	1	1
301	314	1	1
380	140	1	1
570	113	1	1
696	258	1	1
641	442	1	1
457	495	1	1
312	369	1	1
340	180	1	1
515	101	1	1
676	205	1	1
675	397	1	1
513	500	1	1
339	419	1	1
313	229	1	1
459	104	1	1
642	160	1	1
695	344	1	1
568	488	1	1
379	459	1	1
301	284	1	1
406	124	1	1
597	125	1	1
700	288	1	1
618	461	1	1
428	487	1	1
304	340	1	1
360	157	1	1
545	105	1	1
688	232	1	1
659	422	1	1
483	499	1	1
323	394	1	1
326	202	1	1
489	100	1	1
662	182	1	1
686	373	1	1
540	496	1	1
356	439	1	1
305	254	1	1
433	111	1	1
623	142	1	1
699	318	1	1
593	477	1	1
401	474	1	1
300	311	1	1
383	138	1	1
573	114	1	1
696	261	1	1
639	444	1	1
454	495	1	1
311	366	1	1
342	177	1	1
519	101	1	1
678	208	1	1
673	400	1	1
510	500	1	1
337	416	1	1
314	226	1	1
462	104	1	1
645	162	1	1
694	347	1	1
565	489	1	1
376	457	1	1
301	281	1	1
409	122	1	1
601	127	1	1
700	291	1	1
615	463	1	1
425	485	1	1
303	337	1	1
363	155	1	1
548	106	1	1
689	236	1	1
656	425	1	1
480	499	1	1
322	390	1	1
328	199	1	1
492	100	1	1
664	185	1	1
685	376	1	1
536	497	1	1
354	437	1	1
306	251	1	1
437	110	1	1
625	144	1	1
699	321	1	1
590	479	1	1
398	472	1	1
300	307	1	1
386	136	1	1
577	115	1	1
697	265	1	1
636	447	1	1
450	494	1	1
310	363	1	1
345	174	1	1
522	101	1	1
679	211	1	1
672	403	1	1
506	500	1	1
335	413	1	1
316	222	1	1
466	103	1	1
647	165	1	1
693	351	1	1
562	490	1	1
373	455	1	1
301	277	1	1
412	120	1	1
604	129	1	1
700	295	1	1
612	465	1	1
422	484	1	1
303	333	1	1
365	152	1	1
552	107	1	1
690	239	1	1
654	427	1	1
476	499	1	1
320	387	1	1
329	196	1	1
496	100	1	1
666	188	1	1
684	379	1	1
533	497	1	1
352	434	1	1
307	248	1	1
440	109	1	1
628	146	1	1
698	325	1	1
586	480	1	1
395	470	1	1
300	304	1	1
389	134	1	1
580	117	1	1
697	268	1	1
633	449	1	1
447	493	1	1
309	359	1	1
347	171	1	1
526	102	1	1
681	214	1	1
670	406	1	1
503	500	1	1
333	410	1	1
317	219	1	1
469	102	1	1
650	167	1	1
693	354	1	1
558	491	1	1
371	453	1	1
302	274	1	1
415	119	1	1
607	131	1	1
700	298	1	1
610	467	1	1
418	483	1	1
302	330	1	1
368	150	1	1
555	108	1	1
692	242	1	1
652	430	1	1
473	498	1	1
319	384	1	1
331	193	1	1
499	100	1	1
668	191	1	1
682	382	1	1
529	498	1	1
349	431	1	1
308	244	1	1
443	108	1	1
631	149	1	1
698	328	1	1
583	482	1	1
392	468	1	1
300	300	1	1
392	132	1	1
583	118	1	1
698	272	1	1
631	451	1	1
443	492	1	1
500 300 10 2